#     date, AQI US, PM2.5, PM10, O3, NO2, SO2, CO, sleep_quality, time_to_sleep, sleep_duration
    ['2024-03-14', 89, 29.5, 101.6, 24.1, 88.8, 0.7, 497.5, 59, 38, 6.1],
    ['2024-03-15', 98, 34.1, 120.6, 14.4, 101.9, 0.6, 886, 37, 19, 7.5],
    ['2024-03-16', 102, 36.1, 96.2, 21, 93.6, 1.8, 634.8, 60, 26, 8],
    ['2024-03-17', 78, 23.4, 85, 31.3, 52.3, 1.7, 575.5, 42, 19, 7.1],
    ['2024-03-18', 63, 15.5, 18.1, 44.4, 23.4, 1.5, 761.3, 51, 33, 5.3],
    ['2024-03-19', 53, 10.4, 56.4, 59.7, 19.4, 1.0, 637.4, 59, 40, 5.5],
    ['2024-03-20', 65, 16.5, 43.7, 27, 58.2, 1.5, 695.9, 36, 29, 6],
    ['2024-03-21', 67, 17.5, 48, 32.7, 60.3, 1.8, 548.4, 43, 17, 8],
    ['2024-03-22', 84, 26.7, 62.8, 15.7, 69.7, 2.0, 474.9, 61, 20, 7.3],
    ['2024-03-23', 84, 27.8, 62.9, 44.9, 51.5, 2.4, 433.6, 53, 33, 5.3],
    ['2024-03-24', 86, 26.9, 78.3, 20.7, 70.8, 3.4, 445.9, 27, 38, 7.0],
    ['2024-03-25', 84, 24.7, 88.7, 13.0, 88.1, 3.3, 569.0, 62, 19, 6.8],
    ['2024-03-26', 84, 26.9, 146.9, 12.1, 90.2, 4.4, 632.0, 78, 16, 8.0],
    ['2024-03-27', 99, 34.8, 73.1, 19.6, 82.9, 7.1, 550.0, 72, 60, 7.1],
    ['2024-03-30', 83, 26.3, 30.0, 35.3, 53.9, 2.0, 400.0, 86, 45, 8.2],
    ['2024-03-31', 66, 16.9, 31.7, 40.7, 44.1, 2.1, 246.0, 87, 22, 7.7],
    ['2024-04-01', 61, 14.2, 23.0, 33.2, 69.8, 2.2, 124.0, 92, 27, 9.1],
    ['2024-04-02', 58, 12.6, 40.1, 44.8, 53.6, 2.3, 300.0, 71, 34, 7.3],
    ['2024-04-03', 63, 15.4, 31.4, 23.6, 61.5, 2.4, 310.0, 68, 40, 5.8],
    ['2024-04-04', 67, 17.7, 40.6, 38.8, 50.3, 2.5, 320.0, 66, 42, 5.3],
    ['2024-04-05', 72, 20.3, 39.9, 34.8, 66.8, 2.6, 172.0, 75, 11, 5.1],
    ['2024-04-06', 75, 21.9, 14.6, 43.1, 60.0, 2.7, 123.0, 72, 19, 6.4],
    ['2024-04-08', 48, 8.7, 33.9, 60.9, 48.8, 2.8, 200.0, 33, 23, 6.3],
    ['2024-04-10', 73, 20.7, 30.9, 70.1, 51.4, 2.9, 230.0, 52, 25, 7.5],
    ['2024-04-13', 68, 18.2, 48.8, 45.2, 45.1, 3.0, 260.0, 74, 15, 6.8],
    ['2024-04-15', 66, 15.8, 61.5, 39.0, 51.0, 2.8, 280.0, 72, 13, 8.3],
    ['2024-04-16', 70, 19.5, 64.9, 40.3, 66.4, 3.6, 290.0, 73, 43, 7.0],
    ['2024-04-17', 70, 19.3, 38.8, 48.5, 35.6, 3.6, 275.0, 69, 30, 6.5],
    ['2024-04-18', 63, 15.4, 33.7, 53.2, 26.1, 4.1, 265.0, 70, 29, 7.1],
    ['2024-04-19', 69, 18.7, 52.5, 54.6, 31.8, 4.1, 350.0, 71, 35, 6.7],
    ['2024-04-20', 71, 19.8, 81.6, 29.6, 48.6, 4.2, 360.0, 70, 24, 6.9],
    ['2024-04-21', 84, 26.7, 40.4, 38.9, 51.9, 4.7, 365.0, 68, 26, 7.2],
    ['2024-04-22', 71, 19.6, 40.2, 70.3, 26.1, 3.6, 371.0, 69, 25, 6.6],
    ['2024-04-23', 49, 8.8, 35.8, 73.1, 27.8, 4.0, 374.0, 67, 30, 7.4],
    ['2024-04-24', 57, 12.1, 27.0, 79.4, 24.4, 4.1, 345.0, 70, 20, 7.3]
